156.0 41.0 0
57.0 152.0 0
35.0 177.0 0
156.0 189.0 0
182.0 237.0 0
109.0 143.0 0
183.0 60.0 0
131.0 69.0 0
84.0 171.0 0
119.0 283.0 0
82.0 75.0 0
183.0 109.0 0
158.0 88.0 0
152.0 233.0 0
158.0 137.0 0
57.0 103.0 0
121.0 256.0 0
109.0 94.0 0
218.0 271.0 0
82.0 124.0 0
220.0 244.0 0
35.0 78.0 0
119.0 228.0 0
188.0 267.0 0
10.0 0 106.0
69.0 0 234.0
10.0 0 205.0
32.0 0 32.0
89.0 0 279.0
20.0 0 240.0
131.0 0 168.0
131.0 0 118.0
32.0 0 131.0
68.0 0 261.0
150.0 0 260.0
241.0 0 65.0
261.0 0 86.0
57.0 0 53.0
268.0 0 214.0
251.0 0 276.0
109.0 0 44.0
277.0 0 247.0
268.0 0 115.0
183.0 0 159.0
107.0 0 195.0
241.0 0 213.0
243.0 0 168.0
214.0 0 163.0
0 10.0 57.0
0 277.0 148.0
0 241.0 114.0
0 59.0 199.0
0 214.0 64.0
0 214.0 114.0
0 131.0 19.0
0 82.0 25.0
0 153.0 289.0
0 158.0 164.0
0 181.0 13.0
0 10.0 156.0
0 82.0 50.0
0 181.0 184.0
0 183.0 134.0
0 235.0 36.0
0 216.0 19.0
0 94.0 231.0
0 243.0 143.0
0 216.0 192.0
0 268.0 189.0
0 214.0 89.0
0 250.0 248.0
0 184.0 209.0
